0	33	33
1	102	102
2	198	198
3	309	309
4	463	463
5	652	652
6	877	877
7	1144	1144
8	1460	1460
9	1797	1797
10	2146	2146
11	2522	2522
12	2938	2938
13	3363	3363
14	3801	3801
15	4265	4265
16	4769	4769
17	5299	5299
18	5851	5851
19	6439	6439
20	7038	7038
21	7655	7655
22	8289	8289
23	8952	8952
24	9647	9647
25	10372	10372
26	11109	11109
27	11869	11869
28	12646	12646
29	13458	13458
30	14299	14299
31	15142	15142
32	16007	16007
33	16880	16880
34	17772	17772
35	18681	18681
36	19633	19633
37	20591	20591
38	21560	21560
39	22571	22571
40	23611	23611
41	24674	24674
42	25758	25758
43	26861	26861
44	27998	27998
45	29172	29172
46	30394	30394
47	31640	31640
48	32901	32901
49	34182	34182
50	35476	35476
51	36796	36796
52	38157	38157
53	39548	39548
54	40945	40945
55	42365	42365
56	43797	43797
57	45249	45249
58	46747	46747
59	48276	48276
60	49810	49810
61	51369	51369
62	52962	52962
63	54582	54582
64	56238	56238
65	57899	57899
66	59606	59606
67	61342	61342
68	63091	63091
69	64847	64847
70	66627	66627
71	68452	68452
72	70309	70309
73	72211	72211
74	74127	74127
75	76060	76060
76	78027	78027
77	80008	80008
78	82032	82032
79	84056	84056
80	86117	86117
81	88186	88186
82	90281	90281
83	92404	92404
84	94565	94565
85	96760	96760
86	98958	98958
87	101157	101157
88	103360	103360
89	105612	105612
90	107896	107896
91	110190	110190
92	112510	112510
93	114848	114848
94	117225	117225
95	119614	119614
96	122029	122029
97	124480	124480
98	126975	126975
99	129509	129509
100	128755	128755
101	127685	127685
102	127522	127522
103	128572	128572
104	126796	126796
105	125786	125786
106	124687	124687
107	122948	122948
108	120477	120477
109	120827	120827
110	122067	122067
111	121786	121786
112	120166	120166
113	121667	121667
114	122791	122791
115	122630	122630
116	121044	121044
117	120871	120871
118	121120	121120
119	119952	119952
120	121313	121313
121	121985	121985
122	122771	122771
123	122345	122345
124	121634	121634
125	121114	121114
126	122413	122413
127	122614	122614
128	123407	123407
129	122392	122392
130	121965	121965
131	124242	124242
132	124544	124544
133	126241	126241
134	126855	126855
135	127667	127667
136	125842	125842
137	127744	127744
138	129154	129154
139	127446	127446
140	127037	127037
141	127226	127226
142	127626	127626
143	128236	128236
144	127315	127315
145	126076	126076
146	123709	123709
147	123736	123736
148	124656	124656
149	125071	125071
150	126213	126213
151	126078	126078
152	124448	124448
153	123911	123911
154	125786	125786
155	125983	125983
156	127314	127314
157	127826	127826
158	125713	125713
159	125074	125074
160	127059	127059
161	127057	127057
162	126135	126135
163	125914	125914
164	124798	124798
165	126777	126777
166	124653	124653
167	124200	124200
168	125368	125368
169	127143	127143
170	127218	127218
171	125162	125162
172	124411	124411
173	122321	122321
174	123360	123360
175	124123	124123
176	123179	123179
177	124236	124236
178	122359	122359
179	124818	124818
180	123572	123572
181	125219	125219
182	125077	125077
183	124735	124735
184	123380	123380
185	122398	122398
186	124537	124537
187	126896	126896
188	128959	128959
189	126518	126518
190	125774	125774
191	127257	127257
192	127149	127149
193	127866	127866
194	126462	126462
195	127774	127774
196	127703	127703
197	126607	126607
198	124695	124695
199	123273	123273
200	121232	121232
201	121675	121675
202	120727	120727
203	120364	120364
204	121097	121097
205	123467	123467
206	121196	121196
207	123463	123463
208	124217	124217
209	122447	122447
210	124703	124703
211	126591	126591
212	128997	128997
213	128490	128490
214	127364	127364
215	125743	125743
216	126731	126731
217	125323	125323
218	123391	123391
219	123973	123973
220	122455	122455
221	122057	122057
222	121450	121450
223	122251	122251
224	120049	120049
225	120466	120466
226	119857	119857
227	119862	119862
228	121462	121462
229	121271	121271
230	122082	122082
231	124019	124019
232	121851	121851
233	124094	124094
234	123048	123048
235	124094	124094
236	126039	126039
237	125255	125255
238	125900	125900
239	126032	126032
240	125758	125758
241	126191	126191
242	125541	125541
243	125205	125205
244	127512	127512
245	128218	128218
246	128844	128844
247	129674	129674
248	131507	131507
249	132635	132635
250	131228	131228
251	128873	128873
252	126783	126783
253	127000	127000
254	127727	127727
255	125714	125714
256	123575	123575
257	125971	125971
258	126390	126390
259	128430	128430
260	128063	128063
261	126773	126773
262	127877	127877
263	127569	127569
264	125952	125952
265	128443	128443
266	126615	126615
267	129124	129124
268	128211	128211
269	129308	129308
270	129381	129381
271	130476	130476
272	129236	129236
273	131139	131139
274	129328	129328
275	127676	127676
276	127415	127415
277	128360	128360
278	129919	129919
279	128773	128773
280	128026	128026
281	130408	130408
282	129186	129186
283	128880	128880
284	128859	128859
285	130644	130644
286	130754	130754
287	131174	131174
288	132935	132935
289	130997	130997
290	130639	130639
291	129467	129467
292	128473	128473
293	126654	126654
294	127357	127357
295	127077	127077
296	125280	125280
297	126688	126688
298	126402	126402
299	126027	126027
300	125966	125966
301	128135	128135
302	126387	126387
303	127668	127668
304	128972	128972
305	127745	127745
306	129757	129757
307	128335	128335
308	130538	130538
309	131341	131341
310	131153	131153
311	129939	129939
312	130654	130654
313	131574	131574
314	132486	132486
315	130461	130461
316	130648	130648
317	128902	128902
318	129478	129478
319	128758	128758
320	127304	127304
321	124902	124902
322	125191	125191
323	125177	125177
324	123240	123240
325	121668	121668
326	123610	123610
327	122162	122162
328	124231	124231
329	123068	123068
330	123625	123625
331	122861	122861
332	121095	121095
333	122132	122132
334	119827	119827
335	121543	121543
336	123481	123481
337	125515	125515
338	123135	123135
339	124452	124452
340	124667	124667
341	124278	124278
342	121762	121762
343	119822	119822
344	117582	117582
345	118155	118155
346	116518	116518
347	116693	116693
348	117999	117999
349	119417	119417
350	121352	121352
351	123686	123686
352	125034	125034
353	124487	124487
354	124134	124134
355	126125	126125
356	126636	126636
357	125553	125553
358	123674	123674
359	123582	123582
360	123916	123916
361	124975	124975
362	126750	126750
363	127749	127749
364	127125	127125
365	128924	128924
366	129118	129118
367	128011	128011
368	129424	129424
369	129618	129618
370	132256	132256
371	131262	131262
372	133695	133695
373	131398	131398
374	131095	131095
375	133718	133718
376	134523	134523
377	135012	135012
378	135288	135288
379	134775	134775
380	134260	134260
381	133849	133849
382	133148	133148
383	131308	131308
384	132879	132879
385	134154	134154
386	131784	131784
387	131196	131196
388	128770	128770
389	126602	126602
390	128151	128151
391	128286	128286
392	129452	129452
393	130102	130102
394	128514	128514
395	126387	126387
396	126168	126168
397	126954	126954
398	125948	125948
399	124320	124320
400	122680	122680
401	121645	121645
402	121406	121406
403	119533	119533
404	118232	118232
405	119872	119872
406	117703	117703
407	119436	119436
408	118843	118843
409	119380	119380
410	117983	117983
411	119107	119107
412	116616	116616
413	116751	116751
414	118217	118217
415	119678	119678
416	118420	118420
417	119798	119798
418	117952	117952
419	116598	116598
420	118338	118338
421	120623	120623
422	121733	121733
423	121968	121968
424	122331	122331
425	124329	124329
426	124911	124911
427	122477	122477
428	122835	122835
429	124936	124936
430	123501	123501
431	124897	124897
432	123389	123389
433	124189	124189
434	126186	126186
435	125901	125901
436	125714	125714
437	128265	128265
438	127389	127389
439	129134	129134
440	129695	129695
441	129842	129842
442	130181	130181
443	130822	130822
444	128727	128727
445	128105	128105
446	127581	127581
447	126650	126650
448	124877	124877
449	125130	125130
450	125367	125367
451	127806	127806
452	127764	127764
453	126734	126734
454	127031	127031
455	124622	124622
456	123112	123112
457	121362	121362
458	118992	118992
459	120112	120112
460	117684	117684
461	116047	116047
462	116033	116033
463	114417	114417
464	115901	115901
465	115155	115155
466	115625	115625
467	114393	114393
468	113568	113568
469	115480	115480
470	113463	113463
471	115469	115469
472	114950	114950
473	115441	115441
474	115558	115558
475	115363	115363
476	117803	117803
477	119767	119767
478	121264	121264
479	119554	119554
480	119142	119142
481	118196	118196
482	116345	116345
483	118310	118310
484	118703	118703
485	119518	119518
486	121646	121646
487	122899	122899
488	124383	124383
489	126608	126608
490	126650	126650
491	128427	128427
492	126689	126689
493	129189	129189
494	131719	131719
495	133883	133883
496	133254	133254
497	133923	133923
498	132476	132476
499	133443	133443
500	133393	133393
501	132246	132246
502	132787	132787
503	134737	134737
504	136702	136702
505	134630	134630
506	133753	133753
507	135677	135677
508	138138	138138
509	136076	136076
510	138557	138557
511	138022	138022
512	137481	137481
513	135426	135426
514	134171	134171
515	136538	136538
516	137612	137612
517	135747	135747
518	136678	136678
519	136498	136498
520	139223	139223
521	137310	137310
522	136171	136171
523	134121	134121
524	131822	131822
525	130429	130429
526	132759	132759
527	132100	132100
528	133444	133444
529	131343	131343
530	133667	133667
531	132078	132078
532	131099	131099
533	131235	131235
534	133716	133716
535	131771	131771
536	131902	131902
537	130725	130725
538	132672	132672
539	132433	132433
540	131465	131465
541	133114	133114
542	134361	134361
543	134923	134923
544	136589	136589
545	138856	138856
546	138707	138707
547	138671	138671
548	141347	141347
549	139204	139204
550	141265	141265
551	143743	143743
552	142016	142016
553	139966	139966
554	137672	137672
555	135976	135976
556	134661	134661
557	137077	137077
558	136902	136902
559	139262	139262
560	141960	141960
561	141543	141543
562	139499	139499
563	138351	138351
564	140100	140100
565	142665	142665
566	141801	141801
567	141013	141013
568	139735	139735
569	138152	138152
570	139259	139259
571	139148	139148
572	141350	141350
573	141041	141041
574	138728	138728
575	139934	139934
576	139028	139028
577	138701	138701
578	136954	136954
579	136009	136009
580	135876	135876
581	138476	138476
582	137245	137245
583	137721	137721
584	135355	135355
585	133964	133964
586	134777	134777
587	133481	133481
588	131743	131743
589	129669	129669
590	127770	127770
591	125765	125765
592	125256	125256
593	123645	123645
594	122826	122826
595	121200	121200
596	119440	119440
597	119892	119892
598	119661	119661
599	118806	118806
600	120060	120060
601	118221	118221
602	119589	119589
603	120279	120279
604	120365	120365
605	121653	121653
606	120932	120932
607	122446	122446
608	120843	120843
609	120762	120762
610	118566	118566
611	119265	119265
612	118969	118969
613	117979	117979
614	116391	116391
615	116218	116218
616	116228	116228
617	117946	117946
618	118971	118971
619	119585	119585
620	121518	121518
621	123184	123184
622	124485	124485
623	123351	123351
624	125848	125848
625	123720	123720
626	123603	123603
627	121682	121682
628	122549	122549
629	124844	124844
630	124559	124559
631	124170	124170
632	122066	122066
633	120538	120538
634	118279	118279
635	118702	118702
636	121055	121055
637	120517	120517
638	119894	119894
639	118032	118032
640	119801	119801
641	119573	119573
642	120851	120851
643	119714	119714
644	120783	120783
645	122759	122759
646	124035	124035
647	122500	122500
648	123780	123780
649	123366	123366
650	124878	124878
651	125475	125475
652	124059	124059
653	124152	124152
654	126147	126147
655	124510	124510
656	124960	124960
657	124121	124121
658	122894	122894
659	121540	121540
660	120175	120175
661	120994	120994
662	121429	121429
663	120440	120440
664	122263	122263
665	122974	122974
666	124792	124792
667	126249	126249
668	123801	123801
669	122527	122527
670	124453	124453
671	126004	126004
672	126779	126779
673	127461	127461
674	125403	125403
675	124526	124526
676	124665	124665
677	126314	126314
678	126483	126483
679	125233	125233
680	123749	123749
681	122864	122864
682	124594	124594
683	124228	124228
684	125972	125972
685	127032	127032
686	127414	127414
687	126991	126991
688	129494	129494
689	131131	131131
690	131886	131886
691	130606	130606
692	130644	130644
693	129368	129368
694	129482	129482
695	128676	128676
696	130492	130492
697	129904	129904
698	128085	128085
699	129783	129783
700	130299	130299
701	127885	127885
702	128664	128664
703	127236	127236
704	127833	127833
705	129034	129034
706	129359	129359
707	127475	127475
708	127705	127705
709	125529	125529
710	124925	124925
711	126252	126252
712	125570	125570
713	124076	124076
714	122365	122365
715	120754	120754
716	122546	122546
717	123541	123541
718	123932	123932
719	125752	125752
720	125861	125861
721	124234	124234
722	122000	122000
723	124373	124373
724	123745	123745
725	124100	124100
726	122839	122839
727	121249	121249
728	123288	123288
729	122732	122732
730	120367	120367
731	120300	120300
732	119606	119606
733	120397	120397
734	121177	121177
735	123355	123355
736	122620	122620
737	121049	121049
738	118767	118767
739	120687	120687
740	119214	119214
741	118550	118550
742	119117	119117
743	119383	119383
744	119746	119746
745	120923	120923
746	122101	122101
747	121577	121577
748	121272	121272
749	120163	120163
750	118933	118933
751	120909	120909
752	120695	120695
753	119753	119753
754	121424	121424
755	122904	122904
756	124588	124588
757	122570	122570
758	120035	120035
759	121335	121335
760	121037	121037
761	123460	123460
762	122267	122267
763	123698	123698
764	124333	124333
765	126290	126290
766	127468	127468
767	125037	125037
768	123095	123095
769	124464	124464
770	126476	126476
771	125584	125584
772	123964	123964
773	123966	123966
774	125963	125963
775	127076	127076
776	125673	125673
777	126366	126366
778	124525	124525
779	125188	125188
780	127193	127193
781	126490	126490
782	126797	126797
783	126107	126107
784	126932	126932
785	126431	126431
786	124591	124591
787	124670	124670
788	124571	124571
789	122765	122765
790	121663	121663
791	123886	123886
792	122075	122075
793	122152	122152
794	123227	123227
795	124422	124422
796	124029	124029
797	123857	123857
798	125196	125196
799	125234	125234
800	123956	123956
801	124581	124581
802	126100	126100
803	125422	125422
804	123521	123521
805	124310	124310
806	122168	122168
807	121138	121138
808	119892	119892
809	118231	118231
810	120386	120386
811	118516	118516
812	118624	118624
813	118207	118207
814	118068	118068
815	116321	116321
816	117671	117671
817	118212	118212
818	118864	118864
819	117586	117586
820	118642	118642
821	120513	120513
822	118878	118878
823	120443	120443
824	119812	119812
825	121825	121825
826	122158	122158
827	123506	123506
828	122669	122669
829	121612	121612
830	120118	120118
831	120222	120222
832	122261	122261
833	124608	124608
834	126556	126556
835	129014	129014
836	129670	129670
837	131847	131847
838	130798	130798
839	132682	132682
840	130621	130621
841	129149	129149
842	126637	126637
843	127008	127008
844	127693	127693
845	127466	127466
846	128564	128564
847	128274	128274
848	126064	126064
849	125340	125340
850	126248	126248
851	127669	127669
852	126491	126491
853	128439	128439
854	128899	128899
855	129563	129563
856	130947	130947
857	129214	129214
858	128449	128449
859	126267	126267
860	125796	125796
861	126108	126108
862	126500	126500
863	125489	125489
864	125669	125669
865	125329	125329
866	124299	124299
867	122660	122660
868	121719	121719
869	121859	121859
870	119371	119371
871	118686	118686
872	119720	119720
873	117338	117338
874	119693	119693
875	119033	119033
876	119096	119096
877	120070	120070
878	121539	121539
879	121708	121708
880	119372	119372
881	119313	119313
882	118469	118469
883	117322	117322
884	116477	116477
885	118459	118459
886	120443	120443
887	118499	118499
888	116014	116014
889	114701	114701
890	112993	112993
891	112506	112506
892	113922	113922
893	115073	115073
894	116245	116245
895	115310	115310
896	113538	113538
897	111045	111045
898	111038	111038
899	110944	110944
900	111060	111060
901	111186	111186
902	113129	113129
903	111953	111953
904	112169	112169
905	113788	113788
906	114624	114624
907	112224	112224
908	112438	112438
909	112162	112162
910	112602	112602
911	113154	113154
912	115445	115445
913	117566	117566
914	119698	119698
915	118823	118823
916	120557	120557
917	122102	122102
918	121761	121761
919	123639	123639
920	121398	121398
921	121876	121876
922	120945	120945
923	122646	122646
924	121749	121749
925	119414	119414
926	117756	117756
927	117615	117615
928	115263	115263
929	116224	116224
930	118515	118515
931	118906	118906
932	117468	117468
933	119026	119026
934	120916	120916
935	122421	122421
936	123325	123325
937	123425	123425
938	125053	125053
939	123645	123645
940	126145	126145
941	125839	125839
942	127457	127457
943	129672	129672
944	129063	129063
945	130187	130187
946	128900	128900
947	127500	127500
948	127393	127393
949	128190	128190
950	125941	125941
951	126118	126118
952	124868	124868
953	124215	124215
954	123469	123469
955	123749	123749
956	123136	123136
957	123108	123108
958	125623	125623
959	125236	125236
960	123749	123749
961	125884	125884
962	128468	128468
963	127923	127923
964	129196	129196
965	131099	131099
966	129285	129285
967	128789	128789
968	128269	128269
969	130562	130562
970	131137	131137
971	130396	130396
972	129764	129764
973	129236	129236
974	128089	128089
975	129175	129175
976	127149	127149
977	127243	127243
978	129459	129459
979	129858	129858
980	128231	128231
981	130731	130731
982	128588	128588
983	127941	127941
984	127068	127068
985	126507	126507
986	128468	128468
987	129561	129561
988	131452	131452
989	133257	133257
990	131341	131341
991	129021	129021
992	130389	130389
993	128235	128235
994	127495	127495
995	127462	127462
996	129637	129637
997	129512	129512
998	131210	131210
999	130092	130092
1000	129442	129442
1001	128760	128760
1002	129157	129157
1003	130038	130038
1004	131206	131206
1005	132664	132664
1006	131890	131890
1007	133205	133205
1008	132085	132085
1009	130829	130829
1010	129638	129638
1011	128917	128917
1012	127156	127156
1013	126062	126062
1014	126854	126854
1015	126420	126420
1016	126970	126970
1017	127100	127100
1018	124988	124988
1019	124551	124551
1020	123786	123786
1021	121882	121882
1022	121353	121353
1023	119284	119284
1024	117579	117579
1025	118464	118464
1026	118531	118531
1027	116055	116055
1028	114142	114142
1029	113101	113101
1030	111628	111628
1031	111234	111234
1032	111930	111930
1033	113121	113121
1034	110974	110974
1035	110102	110102
1036	110215	110215
1037	109808	109808
1038	107664	107664
1039	108917	108917
1040	109662	109662
1041	108985	108985
1042	107175	107175
1043	108665	108665
1044	109448	109448
1045	106184	106184
1046	104893	104893
1047	103676	103676
1048	103140	103140
1049	102383	102383
1050	103625	103625
1051	100018	100018
1052	100301	100301
1053	98756	98756
1054	96072	96072
1055	92440	92440
1056	89770	89770
1057	89890	89890
1058	86667	86667
1059	85017	85017
1060	82027	82027
1061	80411	80411
1062	76446	76446
1063	77179	77179
1064	74981	74981
1065	72146	72146
1066	70284	70284
1067	66173	66173
1068	66255	66255
1069	65421	65421
1070	65985	65985
1071	65032	65032
1072	61638	61638
1073	58809	58809
1074	57662	57662
1075	53467	53467
1076	50638	50638
1077	46664	46664
1078	44564	44564
1079	44559	44559
1080	43438	43438
1081	41089	41089
1082	41136	41136
1083	38755	38755
1084	38366	38366
1085	34434	34434
1086	31974	31974
1087	27567	27567
1088	27355	27355
1089	25421	25421
1090	23263	23263
1091	18960	18960
1092	19157	19157
1093	16829	16829
1094	12254	12254
1095	9046	9046
1096	7926	7926
1097	5279	5279
1098	2100	2100
